503476 640361 631435 268851 947884 696344 948767 223059 337573 286462 817648 918660 777122 698612 637832 648850 
159673 969438 336598 254760 142199 262794 671462 549661 659707 144333 189261 165280 590952 460422 564416 589744 
697348 175464 809031 513947 614277 784517 896334 533771 880614 122574 881588 387532 331585 526967 494828 386556 
886658 741939 897236 886335 769804 956424 550820 461039 740068 819600 497518 184767 442538 682637 408510 669863 
662344 421796 782775 885753 661146 390804 182992 137325 661478 258185 827458 532930 181301 155164 839771 219441 
209253 266102 122562 293582 239200 452790 668728 668069 275443 322434 890963 527832 297915 122535 376074 459892 
159447 707257 986801 579390 226843 648205 259239 778613 436342 482940 483594 135244 870060 597717 691422 154683 
190271 833970 148960 465582 380225 185821 447625 566701 483987 939273 338434 246491 229700 738761 651640 102648 
302299 913029 770121 774182 385180 802777 998880 452577 668328 776357 272050 100330 598747 531796 417317 775030 
450596 778402 932487 646193 551968 704928 771503 924341 728719 807106 862545 361731 918606 403556 149090 624436 
711909 375177 960210 996618 508124 642965 317991 201560 547623 595611 126430 371906 449738 559184 261686 373114 
591992 598613 190688 616806 616705 829464 748897 827021 212077 216594 203437 479551 145626 126719 978806 445177 
795081 327996 649052 244447 846217 560791 659670 353352 626374 985374 109297 315140 925428 830608 847700 258040 
468372 438418 719061 633862 179878 432876 252728 594942 750471 914081 374269 592386 330296 482351 684898 285178 
860053 319142 121256 335083 455578 734545 938823 533621 757425 737465 776720 319944 735222 398683 562717 942742 
698052 304472 576204 250894 471436 943907 904205 501662 318157 541528 591587 579634 173374 521554 532895 263568 
