636195 488975 776155 728617 878080 565181 533580 542787 378423 121777 234230 705951 731970 334192 520161 894852 867053 837831 894284 284780 687789 656683 147966 452108 247988 998542 291707 259884 672694 831632 837725 348286 104265 704081 739393 438489 355867 496885 461102 748889 289057 513441 332954 598445 342752 650457 197075 870915 421889 896158 460409 718275 196122 664648 645025 687204 683470 664878 858986 932656 199749 888482 904958 290676 
158387 649249 969035 944213 899069 687676 667383 306092 223791 610655 654588 155961 936351 297999 261040 301291 606039 369964 138558 457964 845070 798359 143826 505415 101724 547037 421628 563630 154873 801591 261604 119463 146085 737721 527906 953682 372240 642835 785112 479289 636705 112452 998335 332542 600086 669767 990347 742317 832929 501255 933770 968690 588101 994374 114919 490065 425718 133356 548528 143725 801630 702441 833507 180369 
854307 598418 384062 746941 405127 871548 904679 401489 796796 414851 337060 444313 375112 189852 582374 283915 355567 468654 633789 646644 620109 555130 644124 562755 245762 709651 436296 763553 625384 127513 999939 822845 780793 439070 133705 777826 509827 737936 384309 158648 627631 505300 226934 381892 229636 664702 566406 852290 614216 843250 454289 862819 510574 891202 241870 129508 732024 630874 483492 167632 627750 449902 944879 154114 
229813 998713 409210 258135 397177 727672 541617 632132 226716 513145 514505 438396 401471 934710 512238 582390 894733 581020 105687 432217 672628 388581 213582 406963 541197 815004 281495 548426 861814 745869 634964 546725 606318 678838 208331 328472 606243 480709 805717 447608 511667 469620 398431 450351 323065 667726 136705 107065 563699 282511 894927 731856 479599 603364 632230 952528 433057 738075 207291 635214 298381 111141 335633 181265 
173839 258108 563770 753337 387985 465928 271193 346881 834872 804100 451898 639439 192991 993706 440147 840765 164492 175118 982156 444842 992044 495743 334732 665010 810455 134076 747857 780915 577017 832117 965247 316494 210412 113298 196323 132117 360635 432828 905385 173033 278830 551231 321955 726030 776084 392065 430133 372032 197074 630899 584464 286800 880352 710662 630718 374814 410851 447606 755561 818643 224347 125506 640352 131032 
643622 349982 391734 703637 628265 664082 825180 731619 648829 799809 712567 946789 575574 835710 686364 105906 555506 850064 835169 262318 615624 962498 249460 202473 832210 544100 865878 791134 694571 705268 269005 814387 799195 475445 366086 517467 644080 882783 350724 935747 896354 571802 278245 736835 589426 911856 740037 533835 321851 904439 173016 212801 564628 210485 634744 248621 905336 186240 858707 981016 204633 996932 968747 560557 
569634 751514 237418 376348 861414 875392 909414 750497 497141 185780 202154 711680 226025 783655 261371 825506 644441 137959 204626 300409 392881 980919 588451 901166 976660 313224 161591 374544 244277 638482 780028 431783 453903 376347 640855 762360 124390 743083 476306 886549 821125 397641 286150 200950 147976 779317 437141 329812 315737 152149 699683 496141 446321 324381 619309 794673 948682 618015 497379 971814 136055 133955 570636 775840 
345148 799672 717399 396424 652212 805607 263029 420670 940254 141064 919631 517206 370637 810812 971703 558783 765717 756866 845913 148852 844100 614541 692246 158344 745627 889015 628626 674631 769554 802837 269532 255700 926710 147264 112403 950427 661550 464928 101992 297890 130341 381147 586452 718727 322309 871337 252692 321374 301642 690647 334233 886381 617260 797597 799474 109435 604675 707197 837378 975995 446558 772564 425445 560532 
878333 607699 351952 559129 577074 330358 774800 693797 600411 566137 893645 749560 695236 768394 823089 595082 470806 298377 423616 143373 841043 965842 300904 756224 764810 858298 100017 316242 297978 375018 319732 608267 841894 747484 824307 778519 901000 545608 451271 624335 649564 279047 581827 332620 124219 370455 530376 894357 678963 693841 145143 633052 306785 693296 371355 143037 295328 757336 149003 492432 519054 103401 212932 657544 
909412 991118 381109 530145 511175 313372 702911 579360 435811 704685 648677 906263 721225 227970 483245 564601 163116 261569 292986 277605 137790 643940 321686 385181 562602 203408 629042 141536 146850 457230 512047 675687 371924 462244 816271 782486 763540 365377 995529 314749 788394 711831 931890 786671 514248 445372 196820 433296 224816 210779 867566 534090 971433 134517 289387 454423 828650 933651 722535 361890 984378 321106 238991 706461 
748228 831042 610404 822444 552502 302606 552148 538522 361710 777092 468408 471269 218280 121235 502988 266898 228860 850715 214112 890468 415117 548167 555969 227271 910870 183504 425475 834001 164034 668270 890332 846612 495048 534100 100386 951733 764903 446980 299049 802135 488861 539889 825636 265524 214688 748270 183358 279853 469301 927955 258633 859191 359564 988834 845970 832571 950323 242704 413748 736366 382043 994127 544550 536603 
220096 695220 171487 824144 658991 718247 748283 244411 324156 500974 678267 545026 812591 797323 976186 941372 661218 473677 480674 960395 241814 937224 395765 837973 706871 163385 753228 396767 129903 143706 443799 779363 705652 525047 587562 421876 488135 957132 787921 378597 783299 102658 570350 396125 992473 395083 704079 636630 512546 357702 373267 574103 443070 534775 308507 374903 397897 356850 688908 497468 159895 447754 632757 500875 
992825 661992 467859 867260 705692 421832 180599 152451 218655 550245 243288 667504 608311 703585 957370 438054 758600 293691 210373 150106 228861 105778 383232 234587 879542 131170 207068 640726 321792 563851 177619 433205 427229 729585 405484 974840 866754 258765 339984 702656 168983 522820 899995 608555 722522 381339 612816 542851 269683 389389 496934 475837 530353 590878 570754 144588 309497 630606 529329 905582 598442 963429 623154 875835 
606225 432199 747294 804196 381148 386929 532513 567153 251185 865203 291894 923057 133723 416577 564692 625635 763711 703260 754636 255877 380692 311255 442834 222462 882561 398442 298754 194504 240389 217495 920994 802732 601431 477197 577250 121614 427903 970035 788048 314196 451176 507049 926974 971656 911198 156107 565673 698186 764316 601439 360996 678218 964389 335656 208402 399255 587219 871546 756830 287732 226904 335058 149168 284929 
281800 931561 541320 145523 123046 211492 281894 630330 406320 710169 127108 516382 336711 423427 476718 301094 161432 630751 151156 249141 962075 339192 174345 439031 738554 150193 520176 963952 179372 854657 940528 311051 330628 832955 319893 110482 476778 275530 789190 511252 439579 625443 224868 911914 468558 179218 394540 972247 559654 642008 306798 900337 834919 564521 993100 531164 370999 689935 235545 625784 747609 277345 185184 976039 
757272 578703 266328 472889 356188 738806 790499 376022 469802 512852 986707 965389 921685 429110 281496 185192 114827 462873 968255 406601 430412 456968 445472 657514 125938 254464 736311 953352 320882 317826 696398 886273 129152 146746 799182 722004 632543 457912 779073 873730 517096 235826 397166 153192 847932 726352 680856 223331 472890 519890 896859 537743 796664 680165 789561 168878 110194 123224 519684 213236 388480 371748 799848 138014 
913172 381112 979807 964971 134858 486884 190160 984254 923936 652021 598379 452599 818850 972178 145205 422621 156159 156817 337927 511684 524430 995261 557145 978741 388538 726326 716098 392313 529554 179067 988932 465926 115579 419805 699773 908149 946148 724823 847977 359529 126730 474935 255968 617743 194807 854779 551285 944637 616748 660614 796149 208422 924215 428222 230735 410837 199486 483427 690948 473341 952587 993462 360943 732200 
808981 750879 392480 961552 192938 101459 979435 666486 648122 101958 817807 122784 646748 832889 545177 626259 446848 884120 688646 842079 907107 504500 853127 815841 107201 314903 337533 285405 839649 922739 745994 319114 386016 985735 638919 340214 496482 630872 263870 307776 381824 694425 620845 866703 405883 151926 576396 748570 758210 360589 222615 237575 115893 580624 124035 926676 670396 248728 175196 825428 237363 456949 585056 190277 
937393 733632 404583 737603 181012 346889 294278 740601 658570 608753 283126 877002 206270 255308 517439 301610 893434 395855 935008 788252 329333 609544 603445 196845 471479 739698 661095 248708 542657 283224 661177 156933 300333 443448 479140 848968 106911 402648 751147 764342 153850 408300 895908 113594 135026 384457 855952 989532 220707 755941 802010 885558 662112 998738 698901 360096 563994 667542 126829 252429 798143 495119 390251 121385 
948394 995222 475892 102060 699707 237470 560412 121159 676997 634784 290954 981018 467005 673567 152658 197769 315833 109736 912181 534500 554885 834509 779900 461981 659260 163233 604231 147473 374910 203230 333366 453114 324967 510213 394600 622883 156790 375382 338277 276078 286653 726898 670672 615458 194988 925670 938539 442203 725193 377412 506946 788250 279586 395612 143573 202228 885810 993388 857180 605479 563746 640102 904698 280451 
132557 171925 332730 215231 682163 863695 728689 343744 659276 123089 701162 124939 908489 552710 912949 475132 986691 720789 454322 896369 583822 569137 888493 489113 183681 585250 785110 530363 253398 792241 421576 428655 739094 403263 687891 521840 836619 903220 266017 298231 844652 808269 366994 353908 626092 768367 215148 725438 431171 204074 817196 700132 678292 305571 492781 478215 531525 267923 552466 866674 656445 228703 908205 471986 
251745 746907 785800 339473 909581 231597 467892 408739 648804 282873 265981 818607 461857 490072 694840 244805 866651 728602 212222 141813 550287 321589 991764 140965 112036 464649 738476 277480 511436 855145 542816 620623 235533 513551 573565 473824 373005 499365 494151 242501 463338 755505 844224 423785 683758 174839 807260 154723 923490 947952 445468 176159 741787 125241 167725 102742 375778 755409 570306 267333 855006 597625 738241 478825 
114613 188236 334135 742669 140292 892305 491064 354271 920740 416307 826451 172959 635610 105054 881651 326537 169372 901206 838550 228148 732358 403293 811352 604258 540161 204595 493303 215070 415216 936553 448423 576035 652897 775150 932653 934725 180553 935113 156789 203562 507620 166160 445824 664581 757138 118543 496653 875940 357882 397929 265911 306962 742045 145857 373842 298024 644627 426911 285040 673373 861379 781170 400711 417599 
279069 878922 702432 402833 996096 928132 216777 675984 685783 614987 234503 445546 519179 978527 837928 928186 923344 737628 952377 738531 529197 600488 391890 888635 126953 343342 275742 198969 982845 658778 941167 977274 482278 199803 339737 647345 874961 795813 456554 554541 814234 602005 608892 530895 825258 473951 842669 115278 270012 701220 576722 793034 382387 453188 796529 457777 679925 246182 302974 433050 436191 870169 407980 542378 
364824 204058 500397 429622 509493 898811 832697 395551 812733 784257 420119 926410 452806 154760 903188 910799 746893 707294 966046 434710 989615 442611 456940 809201 537818 736276 305930 367968 941144 675277 861988 236149 360162 340518 356565 206670 225553 136102 603799 534149 304194 650577 681401 864045 821677 381838 787036 478220 610813 791230 497764 279873 641154 487133 599603 944484 983991 407648 624235 495946 795423 556011 689531 590263 
977480 287594 439642 819354 426315 719398 340217 231666 904119 266821 212984 876784 335037 572038 824148 534993 971773 972279 676708 312770 951622 347245 878679 167719 615470 717527 754049 848327 709117 166308 916511 950888 516108 327453 792565 382798 535675 275069 482409 169258 512273 702101 356533 938175 292898 155219 570817 373905 401610 423680 329836 857968 452164 675825 775046 790722 868472 892060 638618 570115 534018 145562 811465 235517 
517059 862214 162282 369969 377930 989898 900598 263509 217042 351761 639580 867293 217563 110314 194364 340575 945638 587498 572987 910262 674981 599314 752957 804327 749227 946734 369793 958694 918226 964302 291780 655528 219301 114011 458739 358696 784621 805843 428452 279836 847360 424307 461702 527132 222853 295819 789062 684208 485987 667177 553909 859625 493752 873514 906615 968911 976939 358570 474676 155554 488903 253467 340529 671295 
944326 969432 126833 936665 283007 713711 388213 481151 545718 746787 760718 883028 478263 281603 278361 331701 253323 148826 776683 315748 983402 500922 119498 600952 718187 452324 290715 854233 955252 640230 125521 690631 805178 567983 496707 191210 658555 878442 748153 145643 100594 508883 846617 176569 508859 271351 863033 299140 215750 379029 444153 430057 507267 679109 257092 809564 154256 741063 922028 949179 916509 721133 378491 537483 
588720 663891 804768 442940 654701 871325 175515 676289 941752 923585 478673 347175 126075 697589 801673 160447 825393 648104 815460 483389 548590 559808 417764 868707 848361 183617 430858 423063 771384 965954 124561 120267 423062 437596 807655 475799 582145 810212 106748 503712 478837 502334 852022 177853 270578 641520 470635 264834 950904 857100 599509 203145 922076 896421 527116 942015 119989 636892 221773 431977 340303 221137 700585 779875 
394486 273183 465126 373478 946320 450887 946068 638378 295130 887563 379958 580252 759895 955205 665884 551371 915585 508113 392025 948081 858760 453744 570027 656421 134628 658172 278992 695463 481019 105812 895674 473553 777727 598854 930610 777062 951475 521928 377489 251879 623622 614253 632073 314147 387754 233452 728156 760625 780432 685037 664507 617093 501128 889503 213778 339765 996342 515465 241466 642152 116872 486994 970625 832980 
183713 217938 300853 357600 493427 136330 772000 560616 566453 310205 742576 872477 679952 277102 541065 108867 911953 927280 662774 330479 393681 451127 648504 776887 900620 901807 490464 815079 501643 977413 806350 584966 804662 467989 737220 456375 278586 453329 608268 800554 636525 168018 133444 671442 826945 737866 823800 186836 697846 608000 927483 433694 294207 734797 484074 654306 600770 713311 352555 803681 451296 394958 427373 705168 
737289 506980 196088 123097 919157 815406 214006 682043 398095 934103 497378 915827 628134 849056 338848 587783 898883 179151 794779 717887 857354 444224 474107 598660 894611 513794 607864 670529 664328 887921 613060 342546 674303 683596 497387 349222 443802 512112 549855 943296 456188 239258 168921 712394 620008 574876 243883 793272 652210 881569 505231 485735 418946 641959 487004 589292 162601 160306 776489 694091 299403 688317 658350 823850 
944567 611602 858550 240346 495398 562272 216057 803787 927349 743814 890045 204578 764531 333932 107154 615485 211764 811592 904252 169596 925243 913019 316597 142563 257850 484333 816824 105431 832703 373646 299659 572661 101849 600201 956401 848304 267374 774987 698022 763228 950448 650134 865691 119928 618454 902419 693703 473007 561707 688512 296912 619836 225098 290728 505615 893755 993853 424430 793783 902233 977619 189771 629701 923987 
292691 270791 217440 512874 336177 929895 857940 403437 411565 718605 703600 881849 264473 823165 494014 240540 673101 153433 323926 454712 654005 568942 589822 698614 143229 531373 827316 935107 420358 253430 736078 266802 538633 374567 125946 652158 208265 172815 522275 784687 839371 634956 772504 664984 167402 845190 172746 371054 627912 956468 915193 253032 257318 334171 683214 699979 278164 422711 925119 837343 698236 369862 956530 849614 
801193 925301 271205 775060 238184 319057 197182 419774 129908 272608 274367 509298 746738 503139 838535 986462 948909 541227 521615 513257 907302 571012 588216 701963 829315 535337 614629 944001 900273 217690 908110 984290 633215 577092 363035 623577 465942 132270 706614 114215 888535 869633 873427 327544 953833 364026 355620 261424 951732 242690 240955 312686 704911 435502 130206 887750 419208 270509 312235 573847 772670 325997 802034 320749 
447714 355338 361099 597960 469923 129822 598220 504575 460392 371007 331477 673218 181390 947957 348936 972608 839914 587921 556785 618077 857006 666701 322313 125363 547209 352800 357381 293439 840892 349158 845476 613772 246940 367922 680090 504771 115285 933208 662057 534568 805978 924273 392960 209401 885202 997111 629096 280427 367049 228116 144111 144234 947996 772601 192558 302918 908988 397166 321123 925616 112588 928696 383987 458312 
147049 851539 520659 343071 390588 186958 503480 872607 594213 629883 887721 678391 188303 449860 739491 544513 990438 313471 956303 964424 949546 361276 489804 863292 877329 917325 780795 110125 537471 363576 535334 549056 282879 933966 421397 401126 423682 394441 271399 620268 340241 649761 682089 522412 920725 521591 342138 573406 797460 494574 468056 359996 186363 848626 963728 690053 361160 448199 495929 268850 444234 927354 418991 698664 
412858 527990 609990 862420 521812 246218 428139 112691 854530 183023 872570 407820 681741 298349 723807 202166 912901 902810 470618 643418 319650 209132 800199 210361 756626 339638 512609 444810 933414 603432 279917 556188 741682 144799 665008 622952 775590 930147 221580 656118 125013 346922 761216 745828 786091 224176 419193 369570 838290 427272 846145 285250 323452 163399 851596 124623 875898 675271 486644 342300 701864 968744 179771 260945 
215308 316794 556213 156097 761936 844462 320563 278487 973335 120149 116976 792260 806547 665046 414264 272737 902512 913761 736130 896049 573888 396271 310113 299218 344401 791836 659694 314162 483816 834920 607537 216171 308666 582872 942498 320905 415026 906821 989233 860109 726110 402307 266769 637826 595165 408140 643151 480614 264708 188987 283420 670738 222884 627367 743865 208008 162005 145216 831814 244325 749463 849382 595473 400048 
704912 128830 792201 249065 534959 246303 228045 378645 334555 538523 504660 998576 728826 853202 741091 275382 806577 958426 662509 608494 150005 734268 767593 826724 459674 782626 942332 531960 793389 106835 298223 226167 729288 782420 854509 424589 433778 451939 313113 139151 479186 552588 431025 981098 972416 202748 831981 258788 787494 860829 916261 778445 156807 480192 118754 659661 120879 495248 960172 856004 255111 639179 926933 381963 
731535 886017 553052 925529 203450 280757 774393 893912 601211 349489 479534 516622 485775 575764 157599 420759 253700 742529 335735 608310 538007 812140 909350 750548 577857 980917 361742 495869 678996 831164 856741 186776 730011 211291 527634 116738 187607 461385 337303 892721 654797 952892 843641 767803 819575 928901 449106 502727 738040 379162 817933 716000 852466 546275 318336 868160 915715 116748 341169 351802 725654 518183 558146 567318 
217497 179212 931551 583618 528663 614762 726830 647819 829156 974880 581251 801364 803104 418869 811344 347618 544098 439780 927839 380317 345567 579468 449161 738276 696774 297781 936214 590996 231820 856544 289524 672231 925525 619986 248067 416280 232421 716257 214204 458556 601246 393664 183666 990392 584381 116915 565519 384425 801963 759570 325986 337505 603452 588387 535962 119438 164489 103510 805106 483592 498446 171105 693832 935800 
895809 797796 246696 935033 185747 625959 541359 613186 650913 297240 401394 107512 792495 555100 367034 680708 409716 887831 261923 414704 824582 445326 966952 831611 615799 351952 188094 783630 453844 469597 287973 438135 614455 670949 786149 722272 602060 777437 855525 775444 437864 796819 996300 778100 168231 197337 960193 552152 693182 669497 904891 513774 611757 387031 869790 191602 934070 809552 942212 625154 626837 361039 529627 442526 
637228 845753 149292 586799 368587 638602 414835 851595 115926 364249 590345 879224 990594 343433 761145 609089 132203 847258 542850 598513 770064 548325 783847 241637 159808 123293 440189 689000 432352 362493 930384 686338 717531 629996 397166 458575 790445 550071 625722 614624 821593 366456 135276 853402 962569 371871 682027 269809 867259 570931 245654 715285 679441 111528 685773 192979 431376 608636 872709 103971 516759 583644 452869 227635 
279962 587324 626877 827636 977828 683608 505879 247119 248085 799305 475897 927017 190933 234639 489548 651555 434788 665384 257369 927391 112994 895865 548047 404067 798729 274264 537080 845547 334524 850466 620061 385187 936576 526303 340637 841688 884362 314456 232627 213358 440302 745282 206775 691968 975396 962671 374576 134995 112655 721967 308338 529018 475901 858773 304127 571952 301555 433551 373607 856017 835881 138407 842486 490109 
804779 399891 654161 979630 474339 924438 599713 769651 316159 252148 277608 657209 824948 352305 173386 471422 372933 920851 967291 804284 471043 177894 415847 332242 940784 625787 834277 197407 781395 376309 676438 915971 478238 718523 284895 323296 392453 789867 253065 627546 790685 858499 145919 556504 368291 696225 518524 357679 130083 161785 996098 341334 298235 610489 950682 666942 374943 256380 521012 372508 438745 932696 349081 641227 
375988 436282 531803 400596 510853 454364 645161 404981 294110 992772 364660 387312 185584 123828 768800 870924 126296 760450 909508 691629 962766 947548 637115 554532 161500 260180 383852 197122 379504 225137 500689 419182 434342 163640 159867 229706 872192 209182 446307 523046 250703 369195 910583 439443 799430 769424 722664 560957 386752 586527 683686 854958 266167 877514 567805 499515 845884 254800 890027 589291 918334 678997 680448 436552 
482884 394922 906555 840679 474937 774213 200179 889113 148038 866695 131950 484211 649743 524765 302211 506036 402708 791362 995244 289589 508513 879044 632635 474058 273562 569470 508172 594510 619432 771891 393135 440525 638640 583225 132705 741619 215780 881259 920681 302124 861455 986697 171000 571456 520424 787993 181205 435795 841090 713511 905121 125883 408153 876450 942951 910244 836205 206314 194072 394792 534414 425176 155433 830403 
622801 871085 843542 758013 300148 460776 750830 305853 949249 489622 559884 403847 567038 786271 645143 362282 602802 471384 232014 919318 710613 543458 990203 865053 414358 690354 835144 477772 841941 181407 109372 846202 106884 190193 838823 175805 822984 566699 113931 674764 125630 555332 546645 240892 625670 421431 913760 217584 265942 914796 674780 471416 332936 166127 325578 767386 239562 616153 850113 222036 599556 866998 523225 535951 
542617 963107 741176 894621 654773 568314 942459 738821 507373 562321 281381 420154 745163 901162 353791 622797 154001 161142 640322 732857 863863 774538 952331 498701 330317 828766 968556 396832 668400 602926 526379 888279 768340 935497 349842 717525 738141 878647 520526 238253 219391 971581 654521 908167 472419 618644 468237 918134 581419 602264 463204 992365 535381 852689 244635 932182 335178 226443 919497 969070 433379 232073 694408 501010 
369416 522945 828424 619640 861119 292957 265355 419037 950320 811958 820757 305429 323315 791414 298747 135221 904947 548864 166763 729810 714197 981084 800848 505083 296031 286314 356207 111646 941420 244373 106468 309298 465226 531826 456069 758922 858875 882784 672511 756303 155133 659331 944379 622143 958748 299057 875458 222142 222105 145414 164549 951090 358133 887940 367665 970571 592234 386607 264769 270316 763172 912652 378583 352193 
652366 541940 923744 445737 706251 973732 586459 245968 101209 224760 994581 608636 725883 987210 510598 290763 725855 731008 243943 231028 102770 476627 961462 532040 513505 985976 821095 685651 803809 344603 452039 528629 787423 935729 149153 513755 940726 749955 353659 664725 752898 528995 522939 912871 346868 468360 987659 110681 672967 751892 851500 170748 660903 636527 452150 991709 977695 987903 832565 413770 334018 939915 402545 740997 
345519 560111 994538 505675 730626 405300 209488 553285 936367 936598 715177 465995 768722 240621 675423 929190 608712 402075 103407 843893 843234 851238 571685 115847 336831 709217 740841 145695 501373 801235 617852 704718 430454 986908 124440 526763 554199 647860 534169 542967 107969 977175 367841 921868 267749 313599 180938 688951 966192 153944 596499 754682 952274 699232 699007 754150 124574 763301 782299 580761 150789 761149 990539 481225 
100572 536033 228564 914028 519455 790074 540820 500226 934288 905317 562253 778706 799254 909091 415608 149432 823149 353982 484208 774981 900052 263324 226191 474745 318111 785917 196425 878367 136842 840180 476793 900138 244407 927526 780350 863552 401007 452807 424281 688504 771114 276590 850661 946951 965402 290720 310113 450202 308279 208271 369638 640169 489091 924676 389076 921575 429114 873839 760028 718734 969893 372949 351054 642382 
899316 334574 575513 193185 621324 284784 571569 343113 888545 201032 377089 532599 619561 713792 841987 280165 284529 102248 605041 953883 811184 174476 175855 704455 262524 353493 129375 383558 727111 926423 458319 216664 448431 917992 938458 390627 738991 935231 704326 401970 380551 637652 397214 789889 840071 997090 557496 718607 930346 805782 162732 421468 206655 262776 561379 224295 905099 719221 632193 447789 338442 622884 136204 827598 
508358 255927 665652 559113 136216 424579 526409 176341 574450 420494 727035 744268 954573 916777 628086 368999 252727 275475 511414 681012 132075 911912 926151 583025 290580 192209 979106 382641 433773 422749 537308 210192 884665 640459 516313 157303 325372 912136 479714 424805 191513 131302 231741 677307 871580 471288 321961 619806 231420 686952 873556 662165 371055 419236 270261 225576 233832 375656 967452 138455 478058 679492 453043 967683 
115335 179094 835652 955048 779481 114383 594524 233630 151631 215523 509225 222264 882831 908580 228793 805324 819277 653632 865858 103654 480229 572507 509149 829554 155944 783267 608537 223858 619717 595417 337395 984938 875158 639452 713647 389606 224306 726902 152641 432385 973246 568342 300043 420481 436992 261429 380242 999565 261854 551081 666036 606873 771290 435199 142964 497437 594039 657704 885394 339326 249257 418836 847069 460785 
864842 777156 393610 273749 114889 116090 878716 247662 294565 580352 459995 684409 514804 833057 592758 804926 713487 370995 576439 310374 237911 456277 719135 608963 823216 223624 970474 462534 652997 732054 472263 727979 260141 142214 712703 754587 725013 241939 347638 349371 788336 620988 738877 308100 167989 977966 254484 493372 500583 337086 106279 446495 661787 492689 194212 750072 865141 593429 575930 150326 893879 861641 189486 906969 
161507 844468 383739 945784 326559 241071 202969 670429 772247 488491 818478 252212 750365 937854 304307 670801 527743 743200 513069 991898 638024 566783 878974 120130 962749 354638 721335 781074 568086 457578 632242 420988 153481 158211 501203 253791 835920 842189 349224 363758 764547 992826 351988 464970 619974 556928 221789 518570 546881 364284 367310 503884 237912 473851 333393 255663 153275 191284 825118 515299 393064 450438 591124 308490 
900108 290968 250925 794804 184322 147041 769636 291797 932195 799979 744956 849535 974691 956440 648631 523462 164962 398984 754342 930387 644032 141572 311897 474883 536692 225632 335450 337491 642062 343935 508010 769755 638170 535688 936595 152673 312432 300613 464453 244166 945661 468156 353967 426783 278625 194425 511760 149925 651568 261334 380887 864734 908559 380862 833098 463744 625671 887786 589233 430314 114047 869752 329067 636669 
227890 483487 306091 252476 706456 831564 658923 393626 640203 128782 288613 800046 684035 180453 489788 430492 865563 762764 490672 265718 654444 756151 947605 956146 130420 940595 501331 703531 760859 902187 977510 570946 929581 534744 207408 512719 730776 283064 201315 622683 192647 196492 398377 760979 111439 785187 898150 494776 407471 883867 937539 559631 420638 276414 580382 917766 626881 663294 377699 280296 774926 955078 516926 395499 
133120 646924 822088 490652 642787 779597 721171 546999 403736 199561 746477 630873 804686 696615 974364 403626 768718 430568 247507 475954 212097 281311 772487 584091 128577 432306 337012 977086 460817 295640 477582 527961 804027 884975 896313 549971 597582 950403 579624 986751 750230 353523 646225 482613 436833 617583 650243 286476 290128 776106 461394 856812 109179 100211 846931 204193 883693 804413 301786 235925 394438 767890 614191 337684 
715663 901835 272505 488129 485155 831195 878853 111935 259989 894406 714995 197439 729863 292353 421501 237681 939623 304407 643371 522695 570614 935918 103798 113742 135339 916331 916888 563945 886633 372365 518355 829878 476628 296145 123844 392055 688647 491801 697198 573504 608060 739071 980057 260813 278874 125446 650722 485000 782108 298674 723477 587852 850583 589485 421170 509518 225425 131018 166905 855817 939085 273269 288534 356231 
610150 964770 797366 138770 490160 425113 811618 584313 919865 708263 106938 721342 669696 831978 161384 696469 618504 382443 392257 795912 923249 636659 815829 491021 100215 338671 183649 930975 146620 937972 851924 269492 133359 728240 470344 534428 847010 547902 903578 103974 510488 346935 471022 363133 430927 716327 713071 397167 546469 566351 612510 903321 436238 374401 394260 659597 554231 494684 200167 404267 294848 419907 612047 241001 
