827359 751327 423482 718787 504448 163228 452916 351840 222574 751136 952630 397684 874680 676484 306833 207236 108834 914414 231704 923838 222918 885784 452682 733512 473633 319588 857834 148266 984919 985837 615740 911639 
481397 671481 638618 791148 938052 856947 915996 963011 769219 912854 473351 758903 806847 114735 112119 921687 117092 529353 252541 930530 378913 624783 172694 258799 923999 141225 147189 793964 852522 223122 817694 226471 
614106 231178 314619 878950 261012 586981 149339 547849 291298 689813 796376 431443 742510 631290 512775 232386 244351 852680 392040 184761 624181 478871 938121 787500 239357 732075 501940 544336 328566 435061 789823 813783 
561084 635449 178608 787295 591835 701950 321750 203928 337302 632593 680592 769152 241217 140457 892192 602126 440043 639055 650192 166481 988421 974292 857354 290870 381983 344740 209746 977052 955280 279339 298002 768900 
528078 608208 925510 363673 506509 438133 892293 606776 197009 675423 699249 531388 981681 703719 407134 172146 483424 857585 614400 589413 407497 975090 163746 331751 656168 113882 495894 494609 442252 109370 362006 487615 
586593 935930 245368 688042 282496 665187 442712 709655 883002 993290 656160 967743 711088 133787 232996 494381 619791 103391 745606 309060 343148 851876 765664 303920 394649 116088 430355 614669 143636 722622 489047 946725 
982817 888105 588887 439345 244504 124273 612243 991686 273327 253589 230451 738017 513082 122520 130737 537508 236682 469815 829833 983600 174384 637928 969311 105846 217339 170231 594904 825869 734539 983788 436612 748712 
716831 876222 667698 712707 530078 577190 709338 615964 252487 463470 107353 410673 191570 376997 121487 587640 903288 979656 865944 452238 102424 879532 323084 853554 980957 920493 459268 815939 420676 216883 515854 284687 
445618 934696 995137 428767 472567 475585 216948 917235 654360 782672 185456 424158 867503 966722 706743 244814 342168 797330 975857 156928 950419 566883 579725 451886 464318 400182 966888 312667 574922 535751 380246 893950 
253658 787865 859047 756847 533327 687483 845668 629132 379764 113840 373152 936719 435601 507780 768341 500630 455290 793798 570686 210577 619866 420668 590125 872604 823754 355357 929416 745827 658795 728651 824117 572799 
718646 732185 885762 593298 695047 454540 213529 328527 846886 157153 177041 403906 267003 494729 293183 531661 875297 197384 462128 112439 224321 532331 222498 138604 808297 563696 286790 584204 240209 609977 685875 179783 
461167 955823 429272 479705 735041 770359 262618 413868 103173 633108 248072 553587 583868 220056 707666 498394 157827 189088 456272 811302 530727 200714 864094 472339 715520 906403 821185 721797 503537 576037 893348 902861 
251863 296577 200593 286070 633570 270521 595468 408425 819366 823652 211285 383507 684556 818576 741870 728820 324360 612285 967927 619659 821692 817941 205089 394246 220947 939969 463873 899041 506967 710260 406060 578827 
636658 131742 245761 637870 708527 975379 788558 776068 309581 645154 943753 305132 923950 163617 495617 206600 782026 951867 803327 805543 704020 909797 118210 345654 649612 275248 713797 223218 668372 737540 124635 105869 
396695 606402 633908 179612 958070 111307 757858 295174 843476 568689 849768 215582 917735 866465 168661 819226 180516 773932 817511 809517 826673 689789 259021 410035 269030 759253 705953 111846 880701 844485 999232 907451 
127011 717223 766648 919145 293181 226165 265225 629984 431076 783669 794661 938322 963914 936526 445237 185959 684293 137741 740865 230732 836166 413017 895044 926454 884388 225552 609637 248256 406650 315483 405900 461889 
863021 816100 947693 178292 233667 894135 478818 662542 271138 342332 941008 553269 652334 929438 992566 911357 445749 185040 400559 840425 859340 190393 163601 231865 420103 496807 908655 549170 373572 264618 136289 305967 
227984 645971 869515 671795 678645 280979 369714 769465 291051 170658 617827 684388 922190 677123 467494 136282 616336 736673 962096 801343 195586 469712 537186 823085 755022 596954 555845 613380 963602 944248 794693 389222 
102107 875885 357577 115018 727512 958793 264602 924304 588137 752544 182959 576712 647829 583982 401863 227369 137596 940203 909514 851192 372298 137773 740896 863024 166166 267627 539777 799281 310358 569467 877830 200717 
481923 771548 449900 609924 395634 877553 901181 871269 446839 181989 343594 687874 193994 103828 963683 183471 292024 577972 821464 814774 348502 717148 384167 562419 328863 583383 305137 331053 546969 947526 308052 414367 
762021 889630 270390 919192 692295 705366 627996 505648 606489 695703 556003 988924 744046 362396 346179 661501 566239 458813 746507 882737 813470 516758 984814 327623 560356 546553 957994 808917 328609 852485 756403 672208 
320646 852976 469839 905644 356113 923335 184899 626637 364607 589996 171666 171336 616848 125249 726838 907757 660563 660605 246417 353877 957888 589007 920356 578099 425364 451935 944530 456189 321309 304451 930116 861247 
421813 296203 613223 267872 300701 940234 483597 554064 708070 501974 662180 139268 941104 636465 626334 291086 415710 800033 294362 777550 682712 318017 314282 874700 575917 910210 141863 861585 501219 399918 556889 693337 
808886 466972 567074 236680 816437 267575 825259 455121 869493 944935 561464 799646 211767 161062 900984 977817 269291 417815 484049 145424 675542 389030 177676 596348 405379 862489 310943 545645 358204 352565 228875 118970 
333122 208244 234422 728127 786298 241768 294245 352489 894087 786385 439061 698319 495950 319185 774426 223647 106895 562823 980289 262553 684439 336341 429928 418803 663037 866527 992683 818872 126632 139132 604124 725112 
820811 935960 581162 597153 178503 205888 586008 773379 363221 510125 914689 786946 465260 999499 883909 325718 417378 292463 221317 454867 624293 667006 638476 485225 997648 775376 430288 989166 460105 877697 221330 209592 
489853 355534 340565 418836 315949 492505 424276 391768 614975 980315 854601 182913 474970 911590 210595 403022 466887 307958 199322 172953 418473 141677 739449 191264 932577 173372 591050 541085 803464 964868 202636 321133 
574177 330409 119265 508903 357536 587420 294143 573803 196265 365413 719618 906350 613283 212563 933291 387875 355179 971756 296342 712276 521984 805249 841022 909749 321328 842592 289822 925532 506610 194878 426721 357409 
804805 560966 454157 115580 405584 676572 847692 946617 384018 707752 516966 338059 651071 416160 192416 136462 785256 244808 938376 426855 880017 591228 469855 971542 579787 729706 857157 186989 564356 616336 346194 237481 
496180 187849 194903 865306 579767 654770 878170 919704 952221 467983 648716 525214 787366 859751 551165 404782 994624 631055 218391 395235 226450 568577 850592 798365 696944 205494 371502 958116 697003 350913 419977 233371 
512171 311364 855845 346379 806825 767379 554511 213992 844094 405764 763284 650516 830785 961134 960410 561202 850200 612914 668377 762907 740451 742217 529088 917864 832417 636039 761989 813770 840268 916740 859229 846126 
899113 717707 479120 844475 905782 794351 246955 196865 266468 935466 802555 327173 957521 707991 943184 295903 903585 584686 191041 501737 547372 161096 560034 343207 519189 329249 461592 293253 959698 305115 465301 570748 
