356349 656613 457682 179025 620744 317108 623485 535444 386072 727198 417851 713828 837928 227136 849579 918222 628068 243754 793461 896774 562958 789978 202759 467506 872668 169354 785154 242597 895180 709503 155196 260424 
318798 593484 428144 907264 555552 164064 796247 382417 323049 915594 492806 226846 222650 751314 372368 145726 526580 652277 733446 834175 138616 991808 711651 854844 126622 112383 450545 349846 850000 466919 818819 658163 
194649 634680 220899 886495 205477 798137 350913 185016 659481 681072 409792 508275 872794 738573 436240 922238 255617 779862 640603 412603 287170 903147 333640 758620 495550 829356 633135 694870 925988 448726 233683 766977 
476553 291149 873300 231127 205918 698950 404782 858362 788086 526185 262861 803489 342780 721162 204309 273417 308489 692319 110841 390154 556050 602452 312571 311464 791548 189498 124540 396598 229375 449600 182385 321178 
949688 695539 945534 584062 709204 721322 841363 593146 659409 649428 258207 678861 525906 483319 652705 813109 102967 746609 593659 486381 495162 512215 931566 725648 367119 270938 679731 594437 202151 997180 778795 437018 
597043 710310 635303 426536 786277 218604 883400 473274 676445 747638 264562 933552 255424 734805 209524 149837 636444 516314 190142 926486 135590 245021 840513 290307 787215 880896 289867 749053 363529 208203 524585 317653 
296509 892196 609331 691115 516030 476046 128608 171240 837588 222103 395688 367866 821423 529942 456071 171748 948011 966368 727586 893326 330829 363327 819732 599056 688572 105516 137778 361953 582952 559971 526278 913749 
846928 788907 495786 791244 931446 521922 211441 676847 210504 340673 327572 483786 767912 978774 484299 788128 385972 253590 612644 394466 560407 189504 178412 494221 960294 860471 108743 236950 367265 684495 240713 871334 
683353 102702 592772 687770 899631 835385 384432 160699 784930 700615 437647 572284 761203 557968 451571 965876 288341 904689 873196 120782 609575 249300 917997 294930 877244 355895 789664 840145 982971 638675 734575 365285 
133035 471156 432001 228449 202598 228278 899950 789544 393492 869895 775714 986194 954884 835847 129879 474585 422575 273509 688274 847396 551661 849967 165691 165648 677449 143702 450639 546841 150654 804683 449718 514091 
588203 173056 518295 143608 887931 156101 750177 319387 208283 539751 640563 354171 644798 454365 930799 301868 981425 259044 638529 437856 561067 964446 463015 442391 798070 644862 575904 678830 682556 997251 408175 284033 
522680 440665 914240 224063 620038 957153 301808 284779 820835 189787 249398 745893 133487 349249 770415 893901 848075 460904 274764 108555 623725 441872 180663 696230 701026 885110 603576 759635 364467 358169 274065 321203 
209428 115917 469538 355067 677862 310562 427295 541383 538168 954203 515436 367721 952090 338265 339547 233377 817192 392401 274674 759727 725032 132150 965867 218580 260322 625643 811999 660167 224553 488132 822253 654987 
961052 739547 719225 238955 189297 559566 533697 963828 708127 285222 803985 721964 932042 921410 635655 720859 297824 267016 537568 525584 908409 572521 514636 415474 516333 913308 600811 817069 736626 860227 420024 522456 
147362 535917 438404 508281 850420 831185 773407 677374 814169 475175 137302 196414 440119 209242 489995 546311 809807 514873 786440 904081 821935 276761 968331 886162 354098 493799 395992 407497 217325 242794 439060 423713 
544828 427832 600015 474552 497773 997797 710438 101502 370123 875651 906997 587993 269195 968694 367698 622602 787945 684391 147087 480967 369531 892407 847240 125942 473725 980161 325395 998043 623442 333755 553446 485682 
688115 346768 632678 660124 549419 840074 922420 102590 432760 920680 727000 722455 899825 916737 333039 302884 132537 937848 187597 300864 355703 271397 317397 789392 400887 368392 644546 289098 442880 585928 486359 735177 
553157 818393 940525 451416 709248 785094 541919 299204 250397 735239 798050 331176 333244 722951 259747 176527 549273 758962 619533 998360 319622 751793 426649 617705 161011 342023 987850 906778 535429 446804 319547 878158 
661572 573660 522026 382422 713543 844495 322694 751993 360590 307278 331366 392075 542095 388067 544484 233134 924076 643328 202922 345791 600531 320527 914042 200013 260213 999997 284081 130183 876677 446144 178797 281804 
158519 178093 229950 938071 143113 725745 576148 858304 379608 474624 978907 664130 325750 726552 984323 291935 771246 361344 874304 141871 842882 214976 409242 339305 348971 167911 287163 144692 322599 472263 425229 982571 
576173 993401 486031 533282 849241 374969 741885 154349 665890 956660 742607 230662 948466 769402 801795 608271 884659 152411 102955 199561 993873 746794 678340 767116 123199 654554 258993 349640 298830 483421 736778 954456 
379743 398779 905225 107019 971765 754173 217401 944010 892457 815929 273397 229412 727101 859903 500250 741483 559843 580056 341988 326798 815757 230466 512661 295839 930633 581081 175153 444012 398898 621675 190361 597567 
337523 449557 846060 615701 162810 562353 401202 904174 776725 197270 975139 293888 918017 833409 367338 685200 134479 638127 421510 662982 958025 516719 485248 775666 892530 741975 185414 660963 949291 974275 210098 852591 
543449 443455 394937 778288 249115 754654 501590 403693 883897 231483 928222 908331 277023 109898 382311 520464 757936 777887 756463 892001 665562 351832 966433 251044 139731 754063 614505 746855 496977 896111 463433 623576 
592225 617115 726005 715351 565689 889294 769354 325271 401619 761209 288441 245393 576137 545235 905293 186010 515885 916202 993268 157344 348268 216652 743360 892042 424371 139363 135099 308713 642237 323816 727037 281080 
415756 755769 579085 299463 928671 922137 945107 493211 694784 339374 433664 888220 465955 754258 565929 635563 589876 962281 441157 319378 128235 632282 759318 675415 821891 673583 583794 526462 696731 814041 867850 626046 
120406 157264 557397 743762 429268 119639 120199 240212 286053 912460 994738 779682 425204 523676 911392 711292 393414 168551 317789 383304 546083 323291 474893 164083 450143 725793 970450 728830 599952 514497 861774 974265 
568472 696481 875614 803717 855625 536013 739594 284164 717574 997409 238482 344545 979035 105001 300310 593704 580581 572931 884618 674003 737317 724180 525141 744753 751909 823828 866872 570000 852711 921324 457449 368435 
998838 867667 972074 476422 275141 233060 330865 962783 346390 818404 871804 339505 569589 722354 873051 569810 569258 425175 716470 925524 826745 128585 987733 400930 793263 572386 294671 426802 838610 261102 635293 797100 
224232 194730 327924 586613 352439 350641 224144 385233 913872 162229 575249 549384 977356 879834 594387 574439 107477 784780 510437 331603 173386 595676 136107 257619 757630 614894 771520 310319 914928 974657 961933 590618 
731410 308150 145511 708690 889468 622164 578140 748727 472389 212242 550547 759583 942533 230782 538445 189575 849349 892016 461605 818815 391722 356544 691132 283876 611961 925758 165603 599671 130006 912794 339310 786230 
531196 599827 239496 713077 164564 666531 169857 362826 422374 503561 301019 819893 188336 849769 914236 232756 536591 117828 493161 454003 530791 131319 403129 375510 290374 320454 806127 983276 267647 673314 623352 598549 
