638349 356514 355607 254243 130787 383476 213592 364176 516177 680941 656316 616474 324032 181494 550250 727775 
733732 100092 275621 404370 539088 905610 169945 960521 208440 912909 676645 714908 148084 156561 907123 245699 
917938 664587 645229 619459 408089 292394 685619 529313 540080 575889 317325 240762 708401 447670 522627 571919 
289866 209523 883857 142107 450595 427385 703315 662825 696756 467856 276506 671438 331253 115223 136529 442033 
705212 137834 563833 279693 337650 925477 166462 522160 155172 547331 770029 364421 205390 869559 477311 658654 
981795 478190 224952 278783 482048 663387 353832 990908 187582 156847 224659 937804 908742 869630 482907 805243 
833891 169080 305417 194067 775585 339068 974478 499779 590046 898420 569935 369319 288300 825609 724737 907718 
576730 386696 948752 432121 255433 918428 965224 866885 299792 453327 517517 553879 657937 436724 255536 662593 
907425 828134 562770 596176 103585 102158 330112 543290 646705 194885 611381 184527 530955 393800 944268 270010 
509725 469655 599333 510396 678097 580838 671065 606808 637318 558381 614440 349456 526000 283952 663326 798622 
634369 697235 381015 990467 170417 351192 502271 448109 620134 288690 151209 931385 194254 875060 646669 708952 
723584 433539 650478 616311 653429 774329 239732 996638 606886 717641 635428 326793 549714 369342 599393 750646 
917424 778299 267238 262022 768588 583931 998154 502804 986820 530100 144472 444572 530840 617794 320744 783852 
689612 873360 689786 843341 938896 690162 477291 527867 105502 379726 731840 645082 557721 281275 412880 985741 
305887 912784 678548 927129 228812 565758 245675 650849 207755 934065 164313 788570 346349 262398 591151 815642 
943781 271579 944407 462075 226857 432867 696031 122079 600028 843343 909973 151440 703164 682342 236805 857398 
