629864 291267 955863 872253 832914 644368 582778 344906 348283 868658 152656 207237 835972 813680 866378 582328 562522 202104 382775 388658 597064 375403 599483 601917 399134 870789 586452 444916 927259 602178 108850 567797 204853 477779 170552 693628 951537 120728 465960 820334 207854 853130 546484 388024 615351 715940 744476 758137 956284 485227 796642 733743 130236 118651 107470 429512 444817 496559 307472 753906 438952 720333 503707 658697 
859592 396467 770167 709176 919858 315490 872464 157022 415196 981928 355880 750432 152720 180026 494166 135391 691609 528199 615998 683329 658542 556551 656622 520381 668801 427554 108310 161694 691081 968115 730656 621697 417425 385587 684519 731042 855815 219185 446805 154897 336014 247003 331805 840170 638711 770444 874688 817192 113210 321307 184522 317404 276557 373763 360406 769645 855319 561902 806516 930891 246384 274112 397119 485746 
903928 353372 162283 599711 887664 574534 212679 672790 702766 568586 892868 675595 362648 656800 271218 977047 485498 879179 902436 131121 633736 785645 548378 340615 469039 201804 299243 841864 185303 972320 507494 979258 890296 305050 327486 512483 805941 832146 264683 813479 620272 860584 974201 697986 998235 724845 504661 604917 432863 793810 704154 505462 588692 180664 161227 210037 880953 412446 879359 523676 338200 919377 619172 818493 
636173 905877 480144 473076 737103 786296 859806 333348 286403 220957 954688 396667 639965 567044 186141 691616 390881 900709 837862 517893 260877 960994 947016 197852 363399 620822 935433 509482 581245 451205 844827 888497 225230 732819 527926 192640 979840 657021 857590 645854 222195 778552 460139 375212 276071 476793 650581 483511 418144 653382 205685 196273 760527 156007 157591 434107 142392 826641 934458 506281 962109 538347 131897 146138 
991894 448647 485930 137058 859505 829199 141216 544059 705340 347035 490077 981809 949313 477184 232131 510002 694577 658083 409051 434723 437881 947827 351376 591840 741006 822846 329385 882479 494497 357401 333387 165391 223936 119338 816009 815515 637060 368685 465101 990026 520378 750715 205941 229945 521874 430485 259642 733696 204756 255992 157879 293463 626587 706692 756802 786133 499833 116637 224258 937056 920916 382918 758871 177665 
832352 445738 449558 996669 441067 984036 227031 213968 746524 695030 279377 680397 890267 937885 656651 238562 135673 207038 536275 562999 580751 462559 867516 239341 579054 143976 258207 819153 332300 154833 310620 278326 401431 700711 982475 318320 186591 353836 122794 101572 762248 762513 729063 970942 351492 316448 155747 940199 284977 282959 217133 388156 908948 788729 860459 989119 898338 547018 358164 675352 782281 695778 204134 451626 
310106 999658 232312 118102 449585 680665 516767 308537 182903 134452 775088 968376 259174 684874 931765 540255 312890 738510 435135 647068 873337 141418 257409 811526 900515 935322 302323 995066 422381 345136 353048 406992 855955 632243 407876 916518 687938 320741 434961 820722 167121 838772 840252 192435 542082 168490 212174 758942 606722 932326 801808 346055 161211 177335 229316 383086 881658 767720 833027 900997 564957 804171 819353 622607 
804867 893326 282184 594381 739771 547807 722561 322870 699125 365846 215168 870114 853839 782047 854304 591793 302271 833300 452887 597139 722909 279926 986930 541171 124059 357557 784931 145798 717502 547718 971518 611690 745819 319535 624939 268118 251755 379185 225485 949191 288774 119583 729070 912823 376236 829621 456269 580718 561530 995292 350711 582475 634785 833079 901395 623730 678858 107741 658493 545857 645557 952612 694721 880021 
205774 976845 752049 202050 608850 715300 257131 729721 224761 601793 326018 758006 425040 334121 785502 782061 904726 846353 276474 871518 469635 493522 888976 186095 892401 627313 487452 688682 905339 132126 630998 903311 474109 831331 881859 448684 646188 533915 550925 669960 376251 999034 776136 771223 679360 541197 167787 321099 384102 114803 938650 947366 848649 224894 722246 207891 218310 455188 432705 895221 376905 834780 221457 923260 
617892 926358 837670 369919 732843 538367 978633 448562 718828 452848 669058 658905 863468 575270 648592 765601 628837 238258 269263 470073 774339 969298 324059 540069 316511 426728 252772 971881 675144 497315 694554 728379 813865 820039 102731 715811 946743 506203 802129 242850 695205 779191 982260 388571 299601 882365 427168 500196 174808 294961 343979 713028 971291 699288 598935 838154 280459 644520 919840 350029 123822 101847 701310 325635 
630240 853367 949667 503359 182722 982548 315567 541006 661048 699583 950725 546011 463164 756335 407712 848993 750903 614921 716653 807768 282510 393127 220451 410387 336702 960344 772226 319687 396240 480439 307372 518508 188617 693862 259872 375731 138761 926990 334594 820538 429047 470504 163078 727648 219339 415004 852824 272075 644150 515175 637755 908018 690820 584074 651173 987859 366506 165170 975688 625806 747390 801901 623029 211225 
535111 978546 406564 691791 264488 858240 201766 247763 330433 974595 940483 314592 578762 687055 212107 418576 761859 333805 205199 772128 606128 513269 626921 442401 246982 213199 881180 766444 333387 992040 770317 837945 241679 969357 271873 989038 506939 607187 771325 132670 454394 148409 171914 261210 992091 535399 374324 881921 717688 173572 726977 847011 342092 859590 541066 337338 450247 614901 322765 531812 898699 987300 284757 277084 
653081 175922 211953 308656 100467 207266 839213 983333 408040 550938 398747 435176 590589 152336 225071 645612 673516 718758 807491 645785 509286 805013 317672 491508 626035 314699 489946 397207 770378 180472 721161 416733 938166 745738 424741 201543 215643 766735 721308 646121 993262 733024 344351 936558 822709 383914 535196 522074 223012 949893 607574 118365 692129 570087 320239 329093 471070 273798 398315 448964 423000 100201 950175 296122 
329858 711580 227389 670674 470204 253465 313483 927382 222655 769435 711383 223466 429379 728921 970966 310853 523424 352118 823186 107024 401544 453562 748325 287917 927379 806427 828660 500198 955000 780173 770690 221431 332232 281643 705926 141732 633801 635816 268722 452229 325002 800388 692162 320944 715411 509422 151981 180297 166468 773526 764155 594843 576057 902365 115810 439964 474650 393286 394740 901201 544300 289443 748021 580651 
490936 423091 807608 975226 509590 561925 451174 305370 175573 133444 749641 267225 335914 690226 696282 861704 123036 683673 507419 915280 450976 582156 846259 434093 458477 690363 380799 340370 933011 128760 475009 626145 953590 131690 787371 263793 161870 150436 599722 258325 831688 775005 374028 185767 282811 778072 452126 804278 752190 259477 468649 700005 442112 548870 858879 332369 199046 930245 444172 123897 708447 228341 616150 588884 
682069 204294 668468 671294 165901 391387 316699 945461 796503 200073 585797 978768 900266 769371 535559 528112 276931 808014 431020 607472 385465 781889 124290 110974 191239 872774 931719 566030 662478 458420 948046 705245 290020 947335 483721 775242 592195 677955 144508 392365 742215 960011 809750 353873 810525 913587 519453 899985 684072 995553 354175 249343 775009 250833 441024 706316 559000 417373 739819 481715 909039 514779 174653 977889 
346464 118962 555072 247971 222111 957840 621954 348994 113253 514796 582402 106391 380261 708636 943922 908090 475478 172392 946590 552846 346291 621954 481868 155873 963752 580765 930574 791097 243312 762825 361226 284123 554075 320237 253992 393100 483709 325624 541815 175888 784341 191879 907956 636037 312959 129855 607430 866935 934464 706498 613878 992159 302851 283134 949314 825133 614711 309793 160985 227825 519859 796971 290085 701248 
555904 450630 195008 858088 333531 705942 174158 583458 917850 988264 140554 400545 159897 219134 488348 587102 657258 479352 668487 197166 878845 708322 910363 781905 512568 149076 398712 923552 130550 488293 589567 638157 622323 936515 957921 871166 831547 991743 981356 105742 145217 985506 316852 399736 989775 392340 953539 516925 400149 736635 416299 135004 885526 298304 830601 716787 655455 972635 738861 308317 466589 796583 195849 146144 
691933 107690 929213 332202 361245 523928 400303 715052 655647 636639 669841 158098 248473 165341 770343 900580 533602 665045 411012 746444 825044 281742 888333 544308 542357 354865 591422 409288 179047 638091 201519 376458 253128 207485 898400 768739 239051 847882 932000 387571 591690 356995 978576 304573 454372 173862 543750 712664 223775 789062 301451 462010 428748 954853 281401 530629 204095 242320 616889 542677 716687 464196 776403 337374 
914602 399569 354257 892087 475065 259729 443389 265476 282523 260861 234574 474584 512292 533501 673298 940158 105510 857220 198191 433361 185994 435106 287280 555703 197261 302908 960147 699864 344804 277472 665696 502968 684626 644453 393486 150059 736361 849401 710914 768387 104595 575469 695335 187655 978665 926434 798053 663899 179319 132806 429139 225440 247846 287142 192485 569665 328579 972683 639964 233059 295017 639579 719617 219945 
896952 965654 597313 470386 244121 181885 864488 134206 247021 964228 511743 723693 496238 996556 215476 722298 338542 912134 585835 321780 642335 897621 756159 924657 277066 282956 574935 112396 369645 993519 233291 544109 941373 753461 719763 957414 893943 557983 963719 974591 575073 617526 475068 662822 787594 137996 632962 980544 304561 148882 487764 591824 404454 289123 102996 301623 803222 311419 723422 926994 370134 125043 650979 128537 
272447 165397 704899 979510 239230 420796 919969 127773 249078 309526 768671 979069 176521 815479 526829 586438 308444 261031 767749 822363 657481 468609 837604 923794 628322 340286 550084 506682 470321 587258 425900 606204 561563 205547 290245 352541 903079 862053 640146 121858 629084 217720 910312 964582 575104 736924 494266 456960 683560 137425 897099 934170 267139 480514 956616 811752 692974 160575 669271 807375 530951 327800 781804 943282 
688464 748811 199989 385394 840483 328408 962065 230850 189124 308928 197845 693875 151391 971430 736748 493817 267751 575436 943962 631629 751311 362413 172757 168956 825994 856829 147494 313794 476023 287078 418104 588217 698173 317128 678306 803162 565344 192051 186292 441815 997621 769854 167029 809269 339854 405833 120394 236994 498457 918714 650320 595307 136969 261235 331776 842840 931239 640217 686442 846209 215234 950764 242901 437378 
750288 261092 249517 684420 791649 586458 520667 139808 388439 498614 459564 287004 825565 476411 535349 281890 780376 789881 137964 152582 956212 923987 471399 963080 544423 590625 928970 517543 322763 297498 529682 504883 103970 733082 572739 653443 396489 539716 540494 702640 745771 496111 715950 134848 999894 627881 250363 793678 490744 887629 668619 232118 799590 851292 577982 753562 654546 208557 808004 241142 971330 660961 459827 120536 
780200 405384 476530 950687 925248 971564 374840 187889 602461 520857 248688 821378 828429 910110 513775 220146 509960 134644 502270 879718 369011 493020 605360 163097 876769 910003 945164 348996 226975 339373 760528 334532 495082 881332 192891 963353 346651 493317 712572 753238 172334 996248 548588 679205 302430 273958 209811 803108 653587 848120 168703 571069 451680 971625 911329 707769 637053 538837 351076 563071 578216 542559 538022 456390 
286949 378428 145427 570676 465082 695585 756286 789623 403471 636646 598410 771676 121707 587016 464838 948652 469081 592611 672971 384664 199799 559322 568708 811889 268708 421775 101841 777800 501659 105835 923185 392467 113781 872185 256733 414551 881606 964606 612247 790571 657320 892698 805527 276824 661176 307107 458425 280871 440527 131149 714789 149113 114830 624121 426004 865870 603523 715039 630395 261179 326749 982662 172176 946436 
710757 451339 743552 746572 186110 640344 652480 402590 165194 628761 525332 820727 260755 258712 718784 441908 383141 520019 486522 540460 294411 323636 579203 827052 963778 819939 674572 320573 689867 623825 638039 167612 451116 353129 641583 461782 832879 296529 719155 788835 156347 527502 932187 623090 522947 111566 216734 433170 250817 372546 141115 288363 145429 842653 857732 132002 982264 376213 950972 464309 578487 113953 207818 178617 
948678 145551 996425 187254 553249 997274 629129 134338 143629 626329 534154 417191 450496 921716 406912 392854 867840 362249 275642 486335 283024 981412 615491 814337 114959 877041 152045 569150 412264 678892 747489 372069 742696 339521 182359 551976 622859 735422 267104 245252 110710 732183 681617 470434 865480 507723 486813 449238 588144 183029 786517 928605 651788 278873 121712 255229 359716 687637 133816 139952 708396 302628 452624 882265 
909780 283167 723202 862349 209216 110404 244487 500367 780150 819266 220463 459802 284757 337277 107022 309003 445295 653603 834474 931773 452110 969847 251411 541147 158949 878818 876354 959211 892676 396985 166502 913001 221434 200182 402576 613589 575806 702243 346448 658388 443374 990066 393263 650851 397398 265619 672127 295299 423232 569762 437110 812912 961308 149259 658530 232942 417588 319274 271971 549610 371640 516021 864381 638392 
567306 694588 377876 894327 519447 706928 816484 982937 204210 762516 414339 458482 207741 224832 669119 341445 783515 141995 925947 511057 449320 833198 487342 951479 304502 164079 128709 290248 748175 338950 738435 999378 461846 658274 381192 958722 888761 751296 927987 381825 754178 440784 729024 953169 730919 350479 813449 656792 331258 852048 781602 327956 746885 737947 634435 668837 460478 229762 110514 745441 294471 162714 834339 521472 
358410 751050 217992 439324 245998 262152 177829 766317 125019 957508 113349 346101 411997 540825 323590 649033 149197 948633 327707 912202 974065 262410 453076 815517 301600 379490 108698 775262 983743 434474 534843 579734 143540 897128 474473 985522 579342 542104 180584 402080 807860 984451 813704 275650 128143 783211 610118 711186 877390 495568 349615 629471 710435 444593 845531 841340 328381 924833 513779 206757 608080 821235 775330 203515 
341337 862285 666229 229010 914023 163597 254180 354456 791901 628761 268014 713972 429658 269756 202758 927577 723722 213467 230227 895500 533542 926062 721555 794500 119136 410100 934905 869431 750080 664265 330749 790519 903015 352891 937741 393544 541392 581193 102279 790585 469180 315914 881609 649772 151571 634430 587698 619497 717660 132775 583020 804120 935408 895454 450687 935606 180719 505582 730851 666660 554831 281013 298014 866057 
546383 419070 639072 928740 232983 715387 992702 760568 729221 443985 654268 783743 786556 428447 311813 231050 903175 553902 686915 133901 514399 275474 272095 845977 835567 848460 275265 448208 927325 855253 196666 363175 128146 636225 217442 573690 831263 991498 897946 421982 349477 325293 210234 689980 783995 945496 718587 326559 303589 539889 476947 724100 330462 660682 678804 608934 700718 998260 618583 892700 853473 467425 747158 283526 
820940 356118 985066 683294 546507 415970 996907 808708 656083 523402 643360 681739 560786 730596 527831 338430 324243 314191 447639 264304 998486 738843 914599 477675 756766 580301 334893 389000 819279 396556 829852 494116 484447 758910 477063 617905 709822 522289 691547 942591 362725 464202 766298 972045 808204 598169 406930 987827 920625 703851 138639 456459 318132 543521 139424 420778 105324 627567 548060 322913 918835 918066 617090 869381 
493924 286234 333367 408481 735229 509679 594821 606868 184667 695779 930146 470240 362424 879230 867168 389182 146176 302799 126084 688382 883914 389653 652404 329234 701461 663212 178117 453116 311193 722713 211188 277416 455268 592561 508781 592005 214802 279871 700970 443411 696237 790805 747991 285986 467334 307530 232708 803199 244284 954319 757739 931184 942581 425229 359144 467944 517376 934026 713384 788122 843428 742198 246534 605910 
706972 449820 203464 103676 767041 664221 155661 429117 100547 742991 959668 316518 742385 853902 856829 685693 645673 450860 572909 580189 417251 172922 482872 236372 176903 411195 427608 780975 993683 480724 612972 735001 601212 665000 238956 295210 936616 476161 201029 569161 522066 136932 326155 971654 920371 816445 625959 940879 652946 300596 849512 504364 485367 118926 842505 846869 814953 281350 130195 988132 524421 580170 380294 580030 
129207 195006 400259 382408 649698 617171 386211 165873 701927 655104 491267 632590 823487 723530 438489 223863 779287 354329 523533 492011 800800 639028 350249 524685 182502 894404 153852 710195 388728 928231 551715 770401 662925 403039 921601 397109 310251 395788 276132 379286 155643 262026 126227 270724 707558 298024 809555 349112 204178 489188 251322 706850 101072 132273 533870 923093 146386 479057 160107 810428 773897 989434 276719 480604 
817488 989626 787698 246215 650846 439782 262231 407397 555956 991615 624709 545943 808423 602697 305788 165384 193924 523432 606250 120797 308645 295123 775633 547366 127670 648470 156678 406882 683696 780970 127504 889409 852880 871856 434427 177547 845922 904488 530671 688759 952131 939419 733668 393366 421896 645085 803782 248290 415667 257298 208216 492738 145591 825309 219758 987076 578393 203307 958211 386663 487003 819073 651505 613775 
296610 146723 475797 690574 596370 477388 884739 859025 394771 133774 810762 822602 329290 902024 829518 602993 200554 992429 602314 236977 342851 678026 318678 744977 743563 662825 228213 455310 776847 563735 228049 515885 244913 163544 851138 311822 895649 177697 296869 242829 108947 695255 155209 851390 397412 605095 645365 879320 353968 598879 895370 865197 319046 977532 870690 120142 391494 962803 544876 747062 441347 192637 573740 532881 
995676 398021 207534 646702 675568 221475 930978 977721 464125 388467 991996 212692 807181 947297 912527 734044 933368 450282 179091 831407 804757 992471 955496 853333 966012 263894 721032 798894 600876 707127 155667 108157 952851 768106 662154 537866 191672 482570 291610 299384 349395 768324 992698 783579 696712 461183 225530 142443 653242 703156 708160 183180 886270 881165 107544 590024 823744 160315 765553 128688 661334 223720 410348 802331 
126347 751509 903801 447447 306240 810487 503910 574779 605242 857958 261854 248106 658958 476246 271501 125424 441035 757501 412533 810458 817522 496072 732250 661525 742829 924113 788818 854332 478846 593677 702648 333889 522993 798928 361618 830137 510258 970375 288507 861539 399726 263425 956098 299352 374042 746987 302735 530452 638122 282221 539799 234395 177388 281182 929790 289638 596082 791254 598311 226956 911397 319671 658961 753645 
928978 984341 849423 702782 124983 199170 598681 378153 854973 445857 120019 935501 167141 321628 184309 401045 612902 894798 831849 320058 926275 344994 513689 619404 410823 190199 437207 187328 982885 234976 474984 679276 727482 876169 941807 973992 172133 822457 300178 160045 933952 278735 388808 436791 137114 874410 380828 145000 729558 954393 939435 993532 180823 430149 803339 484870 580317 313873 368816 255372 211620 476697 565407 296897 
303951 207396 944163 260283 796386 911754 785159 174231 217765 136810 707544 878292 484895 498108 302243 322376 530957 398419 215449 208862 295124 982559 853569 950550 792075 376689 702194 901704 211934 584938 421561 279897 628856 586459 319111 726091 972086 356791 785157 860152 907604 565348 191700 756147 186590 145182 187530 900173 687336 566740 253536 184600 321822 797526 269190 168776 847096 928924 575376 337145 340838 993197 728493 428099 
697132 164734 906114 127129 517028 878588 345302 709880 121762 903229 301821 215389 953252 721211 382872 266494 350210 444693 788455 463740 385718 847106 489560 833915 389327 880274 655349 260798 235140 719084 252611 931534 671949 618486 407956 590057 265345 230132 888717 471640 378242 403703 944416 281843 521477 646277 338871 439398 268871 620022 257744 308497 315742 414658 823914 847760 278001 721562 249153 532864 412450 933108 548847 494356 
998856 640675 373912 810247 571422 513241 395921 605636 180018 731873 146416 995733 734373 553513 481017 591969 412752 491400 909965 413337 993699 845066 500404 587508 771901 807910 295765 297379 677780 394461 829342 647331 129461 459599 732316 415830 785219 826370 415963 143122 984677 185403 684137 222582 139906 785686 277378 716274 774900 655071 711752 145901 648941 877016 991433 532235 621479 228006 321190 562095 501378 556681 898565 715861 
384422 523495 341019 307852 930370 914911 206653 436077 419057 200069 101381 444858 602024 981730 518016 929086 415318 851730 991348 736968 421298 448488 440263 688304 140970 440740 282311 827305 612865 768332 390315 692362 643126 243235 864047 512844 978400 523951 891017 149358 484993 719106 794023 199630 199539 200580 814898 769352 704803 258872 828091 507918 595801 383772 262221 879332 227115 749856 100546 930835 490546 706480 334545 445064 
134895 377704 865972 603780 507228 424047 880606 229092 628454 942554 865817 513631 451512 225133 667048 826329 447290 205929 514326 675739 725698 821734 268722 327700 991109 119590 274026 302878 362537 324915 290355 268922 767977 473348 972216 869221 949987 852232 781050 614579 907723 867779 656078 253885 978294 266512 535606 494681 172149 629241 769043 588046 465790 667815 581935 906875 259799 114237 654757 285693 282333 990978 872596 738541 
396383 816337 966871 223109 268165 633417 890436 383331 806263 449524 258705 374262 379179 204757 608616 888776 875671 545887 781616 933121 992423 647543 910089 603027 605982 511363 827757 115627 352828 224050 857636 814100 774239 948400 577242 180265 792688 809783 819626 704515 832154 700559 948306 253033 325421 315520 162241 941010 594312 540372 158881 367949 890218 237875 997705 946651 925181 166879 443958 355246 239637 921723 778745 512567 
435277 963418 424224 907099 731622 399231 781623 911357 102289 793940 529537 167077 144477 186646 851264 776433 865192 449702 186397 214590 896710 963068 677515 371112 643631 715703 856567 141450 913510 137961 752598 790394 322444 718420 541961 577909 678678 642384 658130 297303 288631 555160 863662 312746 842183 836438 247192 280086 706492 970729 844986 963928 555927 550461 180590 809532 237336 248437 743806 845698 730694 264850 817322 159804 
860954 795916 651612 613038 648593 458061 535355 363103 440351 596691 900791 633583 657953 445374 908548 924748 185213 967806 661710 843769 823913 504941 512430 946174 148879 258251 345097 979808 878741 733160 261752 972009 980885 498372 941318 928080 883976 238237 834769 602505 207905 663298 676907 378589 142218 941982 628641 797629 484513 387424 801377 385450 932217 133964 757264 582002 405778 368879 393991 398915 208213 628892 478707 398389 
428125 894554 777798 991381 502663 778669 303717 121011 641243 399423 630670 542934 898516 223374 311985 232449 740569 410278 134606 429125 246960 488760 842420 530271 530149 933695 847628 595251 577630 702016 146074 423852 920059 861623 998051 114308 292580 997392 747474 311392 828582 351913 602388 133466 454970 543999 529614 296326 699770 659770 202031 770045 645222 238563 815384 393237 416494 262220 919316 573890 840828 159225 153305 197830 
732413 806747 311053 155170 453157 189010 842732 340840 959097 307550 604590 416327 583232 366591 822084 415684 758108 140475 510205 168117 869286 283210 996469 330528 848651 122623 981966 723826 315934 840895 685589 716801 628360 550508 512741 902866 449782 799766 676305 340682 606957 930114 523583 593472 539118 998133 273361 126249 708418 351285 811556 920136 385729 678736 281663 275756 957850 382171 363458 601565 987955 439004 171537 350999 
432620 746230 761755 695173 484538 671274 626101 733704 498764 523221 106619 724717 602946 640519 549910 871453 144130 229257 224592 748634 511185 189097 281026 241365 800754 605876 341255 812048 580496 206280 820869 892543 869791 716446 462476 769199 429429 988937 316047 750579 722843 778339 247010 552571 614954 547550 844209 545591 398683 247846 702052 179538 715002 942408 853293 307284 436961 415323 457701 458890 884452 105459 354019 574523 
546586 292553 353296 487981 661427 225572 554700 146247 630975 366148 877446 120614 115715 131613 384085 778972 975665 962544 535304 711531 105362 790551 479128 848707 318293 438175 992014 940454 444251 969874 493383 552811 856484 529247 846377 152030 864434 276400 911196 876122 823379 785657 322360 653279 679463 695531 984576 420223 805478 903441 381798 616918 312012 277268 713502 437859 478045 783344 842330 791214 132846 263968 632481 315585 
549996 537427 718151 755172 712543 992628 638356 376623 714607 140619 441282 193947 491406 586477 324357 628570 257218 950451 428986 531303 786166 850311 203567 713206 350727 548166 441922 491131 322539 854198 265182 233591 470209 498849 631247 251172 196992 372309 135722 732996 662546 433425 661629 727888 623126 219345 857659 907544 274671 195997 374346 502802 330407 186720 865918 285710 491291 615958 548830 589874 855535 685813 947409 114873 
395794 198555 868899 110539 150619 496340 101566 313635 931383 901188 645455 934187 845447 899173 739997 572230 936783 333868 379845 852605 891813 128949 469786 346594 165243 752959 800697 254016 999093 552376 623726 543535 663794 223395 549418 495423 936753 942656 833962 665077 633915 323252 621942 694065 866241 903678 735905 817714 784171 471305 903297 521416 241886 660226 937289 365156 917274 309910 898064 121761 955230 855201 179216 851144 
979833 258271 975521 681695 517581 835683 262014 391109 872192 285793 107578 896485 642199 550017 256002 410936 807673 525972 776832 727873 933566 496730 928757 978749 177768 719344 459666 307995 268856 192509 356344 517646 564009 990660 224278 125563 947365 806675 309939 249688 981306 733017 556727 699126 158772 212729 361854 526524 951653 101940 966238 723087 850379 388160 558111 942844 783373 640689 298729 639368 297582 725132 418753 315311 
542101 310916 187496 514579 961693 634933 160960 390466 819477 563072 303345 429901 309103 466006 791341 387838 540525 778026 423761 645075 611661 863884 371174 766819 599851 966256 956113 830695 713781 365880 270462 200835 114818 451379 430662 980817 162861 169881 492018 764538 496992 267546 100114 801079 862897 122364 611637 973386 697788 596459 506415 123843 677401 766953 236044 926303 487030 870047 476967 659265 315360 360170 272364 667325 
726953 808013 925141 246116 103154 471093 445069 706343 106886 455239 646408 240878 524457 425071 556029 191942 957910 786556 693882 821283 648024 277887 998505 828118 834657 124067 272634 779275 290010 400799 425896 579288 760017 838634 713012 981475 889762 986451 706585 717871 104809 622226 540889 984641 529791 847124 817607 620981 687134 315129 214590 629100 328303 792964 920747 814886 708912 247678 686789 820588 106189 273445 346830 818988 
206300 121135 617836 118431 402413 163634 342347 463635 884520 245591 298573 493807 642915 900007 573763 473089 951454 526732 458515 606319 280768 882878 923647 679293 649575 240427 511988 251304 491721 603058 526777 351517 295206 939719 317377 444180 196177 336089 669192 505219 609094 578336 902200 463288 291570 327633 817816 497924 138636 863985 915042 663154 110777 126469 583745 252748 494949 768000 683246 439769 352664 472920 777195 831049 
323860 950272 959141 745793 981409 929783 314582 397387 406821 173240 199272 860224 510535 225316 907334 486765 373329 836680 812980 269951 653741 415281 637829 100739 872471 807210 829541 747395 798382 441533 750971 367848 705430 351664 433850 353885 821345 982836 765284 705158 603103 232830 978332 361956 320330 750882 458418 308331 877699 845755 284201 952892 201597 172974 458375 288236 391120 285095 426423 948398 129267 824050 541108 360348 
927974 571205 785108 727803 554844 950497 906721 858690 634734 203058 770027 140905 748292 602298 362376 720143 625340 350348 294877 392671 637333 300773 943849 992539 338351 804289 970720 452369 884284 163848 696664 780021 719617 486088 603362 875700 863762 228598 250275 430235 342710 124968 746393 489131 639622 912463 592221 667110 682428 992641 306150 105433 680271 878945 879131 206447 471661 204966 710818 609130 916846 823137 281304 459678 
184733 393950 731743 787494 361723 843824 373870 285317 529148 933897 332343 738808 102093 456888 366077 164323 993717 189395 179077 897025 337133 528908 388551 610042 373639 722661 844321 733145 865463 626152 809828 768830 507257 958202 843820 134980 161947 797460 813376 529646 918715 330476 620379 190691 496872 755517 465051 778518 836051 152477 751990 829178 677240 408758 710606 663526 967381 585594 278747 680053 529229 904767 205532 829019 
292972 892125 269903 426748 311518 433219 108665 140959 643032 313016 787636 399268 489229 969115 834387 523220 508076 472782 601037 784333 436179 934007 899578 967593 864658 169607 343160 452487 768123 908944 991875 242202 259028 386433 873754 732354 679072 967928 160114 230409 290596 726006 638079 963803 199809 144733 842535 758768 237353 438327 313572 383865 177323 855143 988838 437438 350006 378596 405515 970510 311294 133696 128924 694405 
